0 0.395312 0.457812 0.395312 0.470313 0.401563 0.470313 0.401563 0.45625 0.396875 0.45625 0.395312 0.457812 0.382812 0.445312 0.382812 0.44375 0.3875 0.439063 0.3875 0.4375 0.389062 0.435937 0.389062 0.434375 0.390625 0.432813 0.390625 0.43125 0.392188 0.429688 0.392188 0.426562 0.39375 0.425 0.39375 0.420312 0.395312 0.41875 0.395312 0.415625 0.396875 0.414062 0.401563 0.414062 0.401563 0.409375 0.396875 0.409375 0.395312 0.407813 0.395312 0.404687 0.39375 0.403125 0.39375 0.396875 0.392188 0.395312 0.392188 0.392188 0.390625 0.390625 0.390625 0.3875 0.389062 0.385938 0.389062 0.384375 0.3875 0.382812 0.3875 0.38125 0.382812 0.376563 0.382812 0.375 0.367188 0.359375 0.367188 0.353125 0.31875 0.353125 0.31875 0.357812 0.315625 0.360938 0.315625 0.3625 0.310937 0.367188 0.310937 0.36875 0.307813 0.371875 0.30625 0.371875 0.301562 0.376563 0.290625 0.376563 0.290625 0.439063 0.296875 0.439063 0.310937 0.453125 0.3125 0.453125 0.317187 0.457812 0.31875 0.457812 0.320312 0.459375 0.321875 0.459375 0.323438 0.460938 0.325 0.460938 0.326562 0.4625 0.328125 0.4625 0.329688 0.464063 0.332812 0.464063 0.334375 0.465625 0.334375 0.470313 0.354688 0.470313 0.354688 0.465625 0.35625 0.464063 0.357812 0.464063 0.359375 0.4625 0.360938 0.4625 0.3625 0.460938 0.364062 0.460938 0.367188 0.457812 0.36875 0.457812 0.371875 0.454688 0.373437 0.454688 0.382812 0.445312 0.903807
0 0.489062 0.240625 0.489062 0.246875 0.48125 0.254687 0.479688 0.254687 0.470313 0.264062 0.465625 0.264062 0.465625 0.329688 0.471875 0.329688 0.476562 0.334375 0.478125 0.334375 0.48125 0.3375 0.482812 0.3375 0.485938 0.340625 0.4875 0.340625 0.490625 0.34375 0.49375 0.34375 0.495313 0.345313 0.498437 0.345313 0.5 0.346875 0.509375 0.346875 0.510938 0.348437 0.514063 0.348437 0.515625 0.35 0.520312 0.35 0.521875 0.351562 0.528125 0.351562 0.529688 0.35 0.53125 0.35 0.535937 0.345313 0.5375 0.345313 0.540625 0.342187 0.542188 0.342187 0.54375 0.340625 0.545313 0.340625 0.553125 0.332812 0.553125 0.33125 0.55625 0.328125 0.55625 0.326562 0.559375 0.323438 0.559375 0.321875 0.560938 0.320312 0.560938 0.317187 0.5625 0.315625 0.5625 0.3125 0.564062 0.310937 0.564062 0.307813 0.565625 0.30625 0.570312 0.30625 0.570312 0.282813 0.565625 0.282813 0.564062 0.28125 0.564062 0.279687 0.5625 0.278125 0.5625 0.275 0.560938 0.273438 0.560938 0.271875 0.559375 0.270312 0.559375 0.26875 0.557813 0.267188 0.557813 0.265625 0.542188 0.25 0.542188 0.248437 0.539062 0.245312 0.539062 0.240625 0.886922
0 0.135937 0.271875 0.135937 0.278125 0.13125 0.282813 0.129688 0.282813 0.123438 0.289062 0.123438 0.290625 0.121875 0.292188 0.115625 0.292188 0.115625 0.354688 0.120312 0.354688 0.121875 0.35625 0.125 0.35625 0.13125 0.3625 0.13125 0.364062 0.132812 0.365625 0.134375 0.365625 0.142188 0.373437 0.14375 0.373437 0.148438 0.378125 0.148438 0.382812 0.1875 0.382812 0.1875 0.378125 0.203125 0.3625 0.203125 0.360938 0.20625 0.357812 0.20625 0.35625 0.209375 0.353125 0.209375 0.351562 0.210938 0.35 0.210938 0.346875 0.2125 0.345313 0.2125 0.335938 0.214062 0.334375 0.214062 0.326562 0.215625 0.325 0.220313 0.325 0.220313 0.317187 0.215625 0.317187 0.214062 0.315625 0.214062 0.3125 0.2125 0.310937 0.2125 0.309375 0.210938 0.307813 0.210938 0.30625 0.209375 0.304688 0.209375 0.303125 0.20625 0.3 0.20625 0.298438 0.19375 0.285937 0.19375 0.284375 0.189063 0.279687 0.189063 0.278125 0.1875 0.276563 0.1875 0.271875 0.868804
0 0.245312 0.284375 0.245312 0.290625 0.24375 0.292188 0.242188 0.292188 0.235938 0.298438 0.234375 0.298438 0.23125 0.301562 0.229687 0.301562 0.229687 0.303125 0.225 0.307813 0.225 0.309375 0.220313 0.314063 0.215625 0.314063 0.215625 0.348437 0.220313 0.348437 0.221875 0.35 0.221875 0.351562 0.223438 0.353125 0.223438 0.354688 0.225 0.35625 0.225 0.357812 0.226562 0.359375 0.226562 0.360938 0.228125 0.3625 0.228125 0.364062 0.240625 0.376563 0.242188 0.376563 0.245312 0.379687 0.246875 0.379687 0.248437 0.38125 0.25 0.38125 0.253125 0.384375 0.253125 0.389062 0.290625 0.389062 0.290625 0.384375 0.295312 0.379687 0.296875 0.379687 0.309375 0.367188 0.309375 0.365625 0.3125 0.3625 0.3125 0.360938 0.317187 0.35625 0.317187 0.353125 0.31875 0.351562 0.31875 0.35 0.320312 0.348437 0.320312 0.346875 0.321875 0.345313 0.326562 0.345313 0.326562 0.326562 0.321875 0.326562 0.320312 0.325 0.320312 0.323438 0.31875 0.321875 0.31875 0.31875 0.317187 0.317187 0.317187 0.314063 0.314063 0.310937 0.314063 0.309375 0.310937 0.30625 0.310937 0.304688 0.298438 0.292188 0.296875 0.292188 0.295312 0.290625 0.295312 0.284375 0.8604
0 0.571875 0.309375 0.571875 0.314063 0.56875 0.317187 0.567187 0.317187 0.5625 0.321875 0.5625 0.323438 0.559375 0.326562 0.559375 0.328125 0.553125 0.334375 0.546875 0.334375 0.546875 0.389062 0.551562 0.389062 0.5625 0.4 0.5625 0.401563 0.564062 0.401563 0.570312 0.407813 0.571875 0.407813 0.576563 0.4125 0.578125 0.4125 0.58125 0.415625 0.58125 0.420312 0.620313 0.420312 0.620313 0.415625 0.621875 0.414062 0.623438 0.414062 0.634375 0.403125 0.635938 0.403125 0.639063 0.4 0.639063 0.398438 0.64375 0.39375 0.64375 0.392188 0.646875 0.389062 0.646875 0.3875 0.648438 0.385938 0.648438 0.384375 0.651563 0.38125 0.651563 0.379687 0.653125 0.378125 0.657812 0.378125 0.657812 0.34375 0.653125 0.34375 0.648438 0.339063 0.648438 0.3375 0.64375 0.332812 0.64375 0.33125 0.6375 0.325 0.6375 0.323438 0.63125 0.317187 0.629687 0.317187 0.628125 0.315625 0.628125 0.309375 0.834534
0 0.478125 0.346875 0.478125 0.351562 0.473437 0.35625 0.471875 0.35625 0.459375 0.36875 0.453125 0.36875 0.453125 0.428125 0.457812 0.428125 0.467187 0.4375 0.467187 0.439063 0.476562 0.448438 0.478125 0.448438 0.479688 0.45 0.48125 0.45 0.484375 0.453125 0.484375 0.457812 0.523438 0.457812 0.523438 0.453125 0.526563 0.45 0.528125 0.45 0.532812 0.445312 0.534375 0.445312 0.54375 0.435937 0.54375 0.434375 0.548437 0.429688 0.548437 0.428125 0.55 0.426562 0.55 0.425 0.551562 0.423438 0.551562 0.421875 0.553125 0.420312 0.553125 0.401563 0.554688 0.4 0.554688 0.398438 0.559375 0.39375 0.564062 0.39375 0.564062 0.384375 0.557813 0.384375 0.55625 0.382812 0.554688 0.382812 0.551562 0.379687 0.551562 0.378125 0.55 0.376563 0.55 0.375 0.548437 0.373437 0.548437 0.371875 0.54375 0.367188 0.54375 0.365625 0.542188 0.365625 0.532812 0.35625 0.53125 0.35625 0.529688 0.354688 0.528125 0.354688 0.526563 0.353125 0.525 0.353125 0.523438 0.351562 0.523438 0.346875 0.803166
0 0.053125 0.321875 0.053125 0.326562 0.046875 0.332812 0.046875 0.334375 0.040625 0.340625 0.034375 0.340625 0.034375 0.39375 0.040625 0.39375 0.0421875 0.395312 0.0421875 0.396875 0.046875 0.401563 0.0484375 0.401563 0.053125 0.40625 0.05625 0.40625 0.059375 0.409375 0.059375 0.414062 0.0875 0.414062 0.0875 0.409375 0.090625 0.40625 0.0921875 0.40625 0.096875 0.401563 0.0984375 0.401563 0.107813 0.392188 0.107813 0.390625 0.114063 0.384375 0.114063 0.382812 0.117188 0.379687 0.117188 0.376563 0.11875 0.375 0.11875 0.373437 0.120312 0.371875 0.120312 0.370313 0.121875 0.36875 0.126563 0.36875 0.126563 0.342187 0.121875 0.342187 0.120312 0.340625 0.120312 0.339063 0.117188 0.335938 0.115625 0.335938 0.1125 0.332812 0.1125 0.33125 0.107813 0.326562 0.107813 0.321875 0.796882
0 0.410937 0.415625 0.410937 0.421875 0.409375 0.423438 0.409375 0.426562 0.40625 0.429688 0.40625 0.43125 0.404687 0.432813 0.404687 0.434375 0.395312 0.44375 0.390625 0.44375 0.390625 0.48125 0.395312 0.48125 0.401563 0.4875 0.403125 0.4875 0.409375 0.49375 0.410937 0.49375 0.414062 0.496875 0.414062 0.501562 0.445312 0.501562 0.445312 0.496875 0.45 0.492188 0.451562 0.492188 0.454688 0.489062 0.45625 0.489062 0.457812 0.4875 0.457812 0.485938 0.464063 0.479688 0.464063 0.478125 0.465625 0.476562 0.465625 0.475 0.46875 0.471875 0.46875 0.46875 0.471875 0.465625 0.476562 0.465625 0.476562 0.448438 0.471875 0.448438 0.46875 0.445312 0.46875 0.44375 0.465625 0.440625 0.465625 0.439063 0.459375 0.432813 0.459375 0.43125 0.457812 0.429688 0.457812 0.428125 0.454688 0.425 0.454688 0.423438 0.453125 0.421875 0.453125 0.415625 0.782684
0 0.58125 0.209375 0.58125 0.215625 0.571875 0.225 0.570312 0.225 0.567187 0.228125 0.567187 0.234375 0.564062 0.2375 0.559375 0.2375 0.559375 0.301562 0.564062 0.301562 0.564062 0.3 0.567187 0.296875 0.571875 0.296875 0.58125 0.30625 0.582812 0.30625 0.5875 0.310937 0.596875 0.310937 0.598437 0.3125 0.604688 0.3125 0.60625 0.310937 0.625 0.310937 0.626562 0.3125 0.628125 0.3125 0.628125 0.310937 0.632812 0.30625 0.634375 0.30625 0.6375 0.303125 0.639063 0.303125 0.64375 0.298438 0.64375 0.296875 0.646875 0.29375 0.648438 0.29375 0.65 0.292188 0.65 0.290625 0.653125 0.2875 0.653125 0.285937 0.65625 0.282813 0.65625 0.279687 0.657812 0.278125 0.657812 0.271875 0.659375 0.270312 0.657812 0.26875 0.657812 0.260938 0.660937 0.257812 0.6625 0.257812 0.664062 0.25625 0.670313 0.25625 0.670313 0.209375 0.646875 0.209375 0.646875 0.215625 0.645312 0.217187 0.64375 0.215625 0.642187 0.215625 0.640625 0.214062 0.640625 0.209375 0.75222
0 0.657812 0.276563 0.653125 0.276563 0.653125 0.282813 0.657812 0.282813 0.657812 0.276563 0.670313 0.2625 0.671875 0.2625 0.676562 0.267188 0.678125 0.267188 0.679688 0.26875 0.68125 0.26875 0.682813 0.270312 0.684375 0.270312 0.685938 0.271875 0.6875 0.271875 0.689062 0.273438 0.690625 0.273438 0.692187 0.275 0.69375 0.275 0.695312 0.276563 0.698438 0.276563 0.7 0.278125 0.7 0.282813 0.703125 0.282813 0.703125 0.278125 0.704687 0.276563 0.70625 0.276563 0.707812 0.275 0.7125 0.275 0.714063 0.273438 0.715625 0.273438 0.720312 0.26875 0.721875 0.26875 0.723437 0.267188 0.725 0.267188 0.729688 0.2625 0.73125 0.2625 0.732813 0.260938 0.732813 0.259375 0.734375 0.257812 0.735937 0.257812 0.74375 0.25 0.74375 0.248437 0.745313 0.246875 0.745313 0.245312 0.75 0.240625 0.75 0.239063 0.751562 0.2375 0.751562 0.235938 0.754687 0.232812 0.754687 0.229687 0.75625 0.228125 0.75625 0.225 0.759375 0.221875 0.764063 0.221875 0.764063 0.207813 0.759375 0.207813 0.75625 0.204688 0.75625 0.201562 0.754687 0.2 0.754687 0.198437 0.751562 0.195312 0.751562 0.19375 0.748438 0.190625 0.748438 0.189063 0.73125 0.171875 0.73125 0.165625 0.675 0.165625 0.675 0.170312 0.657812 0.1875 0.653125 0.1875 0.653125 0.25 0.657812 0.25 0.670313 0.2625 0.733117
0 0.198437 0.240625 0.198437 0.245312 0.196875 0.246875 0.190625 0.246875 0.190625 0.290625 0.196875 0.290625 0.203125 0.296875 0.204688 0.296875 0.209375 0.301562 0.209375 0.307813 0.229687 0.307813 0.229687 0.303125 0.235938 0.296875 0.2375 0.296875 0.246875 0.2875 0.246875 0.285937 0.248437 0.284375 0.248437 0.282813 0.25 0.28125 0.25 0.278125 0.251563 0.276563 0.251563 0.2625 0.25 0.260938 0.25 0.257812 0.248437 0.25625 0.248437 0.254687 0.242188 0.248437 0.242188 0.246875 0.240625 0.245312 0.240625 0.240625 0.564352
