0 0.660937 0 0.660937 0.0015625 0.659375 0.003125 0.653125 0.003125 0.653125 0.0375 0.659375 0.0375 0.665625 0.04375 0.667188 0.04375 0.66875 0.0453125 0.670313 0.0453125 0.671875 0.046875 0.671875 0.0515625 0.685938 0.0515625 0.685938 0.046875 0.689062 0.04375 0.690625 0.04375 0.7 0.034375 0.7 0.0328125 0.703125 0.0296875 0.707812 0.0296875 0.707812 0.0140625 0.703125 0.0140625 0.7 0.0109375 0.7 0.009375 0.698438 0.0078125 0.698438 0.00625 0.69375 0.0015625 0.69375 0 0.890164
0 0.876562 0.559375 0.876562 0.565625 0.870313 0.571875 0.865625 0.571875 0.865625 0.60625 0.871875 0.60625 0.878125 0.6125 0.879687 0.6125 0.882812 0.615625 0.882812 0.620313 0.904688 0.620313 0.904688 0.615625 0.907812 0.6125 0.909375 0.6125 0.9125 0.609375 0.914062 0.609375 0.917188 0.60625 0.917188 0.604688 0.91875 0.603125 0.91875 0.601562 0.921875 0.598437 0.926562 0.598437 0.926562 0.578125 0.921875 0.578125 0.91875 0.575 0.91875 0.573438 0.914062 0.56875 0.914062 0.567187 0.9125 0.565625 0.9125 0.559375 0.878543
0 0.578125 0.053125 0.578125 0.090625 0.582812 0.090625 0.584375 0.0921875 0.585938 0.0921875 0.5875 0.09375 0.589063 0.09375 0.590625 0.0953125 0.592188 0.0953125 0.59375 0.096875 0.59375 0.101562 0.598437 0.101562 0.598437 0.096875 0.6 0.0953125 0.603125 0.0953125 0.60625 0.0921875 0.607813 0.0921875 0.615625 0.084375 0.620313 0.084375 0.620313 0.071875 0.614062 0.071875 0.60625 0.0640625 0.60625 0.0625 0.603125 0.059375 0.603125 0.053125 0.853551
0 0.721875 0.578125 0.721875 0.582812 0.71875 0.585938 0.717188 0.585938 0.714063 0.589063 0.709375 0.589063 0.709375 0.625 0.714063 0.625 0.715625 0.626562 0.717188 0.626562 0.725 0.634375 0.725 0.639063 0.753125 0.639063 0.753125 0.634375 0.75625 0.63125 0.757812 0.63125 0.764063 0.625 0.764063 0.623438 0.767187 0.620313 0.767187 0.61875 0.76875 0.617188 0.76875 0.615625 0.770312 0.614062 0.770312 0.610937 0.771875 0.609375 0.776563 0.609375 0.776563 0.607813 0.771875 0.607813 0.770312 0.60625 0.770312 0.601562 0.76875 0.6 0.76875 0.596875 0.767187 0.595312 0.767187 0.59375 0.764063 0.590625 0.764063 0.589063 0.759375 0.584375 0.759375 0.578125 0.841251
0 0.60625 0.021875 0.60625 0.0265625 0.604688 0.028125 0.604688 0.0296875 0.603125 0.03125 0.596875 0.03125 0.596875 0.059375 0.603125 0.059375 0.609375 0.065625 0.609375 0.0671875 0.617188 0.075 0.61875 0.075 0.620313 0.0765625 0.621875 0.0765625 0.623438 0.078125 0.623438 0.0828125 0.628125 0.0828125 0.628125 0.078125 0.629687 0.0765625 0.632812 0.0765625 0.634375 0.075 0.635938 0.075 0.640625 0.0703125 0.642187 0.0703125 0.645312 0.0671875 0.645312 0.065625 0.648438 0.0625 0.648438 0.0609375 0.65 0.059375 0.65 0.0578125 0.651563 0.05625 0.651563 0.0546875 0.653125 0.053125 0.657812 0.053125 0.657812 0.046875 0.653125 0.046875 0.65 0.04375 0.65 0.040625 0.646875 0.0375 0.646875 0.0359375 0.639063 0.028125 0.639063 0.021875 0.836014
0 0.55 0.553125 0.55 0.557813 0.546875 0.560938 0.540625 0.560938 0.540625 0.603125 0.546875 0.603125 0.553125 0.609375 0.553125 0.614062 0.584375 0.614062 0.584375 0.609375 0.592188 0.601562 0.592188 0.6 0.59375 0.598437 0.59375 0.596875 0.596875 0.59375 0.601562 0.59375 0.601562 0.56875 0.596875 0.56875 0.590625 0.5625 0.590625 0.560938 0.5875 0.557813 0.5875 0.553125 0.824022
0 0.821875 0.384375 0.821875 0.420312 0.828125 0.420312 0.83125 0.423438 0.832812 0.423438 0.834375 0.425 0.835938 0.425 0.839063 0.428125 0.839063 0.432813 0.851562 0.432813 0.851562 0.428125 0.854688 0.425 0.85625 0.425 0.857813 0.423438 0.859375 0.423438 0.865625 0.417188 0.870313 0.417188 0.870313 0.392188 0.865625 0.392188 0.8625 0.389062 0.8625 0.384375 0.820265
0 0.921875 0.103125 0.921875 0.107813 0.914062 0.115625 0.909375 0.115625 0.909375 0.151562 0.915625 0.151562 0.91875 0.154687 0.920313 0.154687 0.925 0.159375 0.925 0.164062 0.954687 0.164062 0.954687 0.159375 0.9625 0.151562 0.9625 0.15 0.965625 0.146875 0.965625 0.145313 0.96875 0.142188 0.96875 0.1375 0.970312 0.135937 0.970312 0.128125 0.96875 0.126563 0.96875 0.123438 0.967188 0.121875 0.967188 0.120312 0.964063 0.117188 0.964063 0.115625 0.959375 0.110937 0.959375 0.109375 0.957812 0.107813 0.957812 0.103125 0.804268
0 0.50625 0.371875 0.50625 0.376563 0.504687 0.378125 0.504687 0.379687 0.503125 0.38125 0.496875 0.38125 0.496875 0.421875 0.503125 0.421875 0.515625 0.434375 0.515625 0.439063 0.535937 0.439063 0.535937 0.434375 0.545313 0.425 0.545313 0.423438 0.553125 0.415625 0.557813 0.415625 0.557813 0.389062 0.553125 0.389062 0.542188 0.378125 0.542188 0.371875 0.704373
0 0.521875 0.096875 0.521875 0.151562 0.526563 0.151562 0.53125 0.15625 0.532812 0.15625 0.5375 0.160938 0.539062 0.160938 0.542188 0.164062 0.54375 0.164062 0.545313 0.165625 0.545313 0.170312 0.564062 0.170312 0.564062 0.165625 0.56875 0.160938 0.570312 0.160938 0.573438 0.157813 0.573438 0.15625 0.576563 0.153125 0.576563 0.151562 0.578125 0.15 0.578125 0.148438 0.579687 0.146875 0.579687 0.145313 0.58125 0.14375 0.58125 0.1375 0.582812 0.135937 0.582812 0.13125 0.58125 0.129688 0.58125 0.125 0.579687 0.123438 0.579687 0.121875 0.578125 0.120312 0.578125 0.11875 0.576563 0.117188 0.576563 0.115625 0.575 0.114063 0.575 0.1125 0.573438 0.110937 0.573438 0.109375 0.570312 0.10625 0.570312 0.104687 0.56875 0.103125 0.56875 0.096875 0.663818
