0 0.89375 0.478125 0.89375 0.484375 0.882812 0.495313 0.878125 0.495313 0.878125 0.553125 0.884375 0.553125 0.89375 0.5625 0.895312 0.5625 0.896875 0.564062 0.898438 0.564062 0.901563 0.567187 0.904688 0.567187 0.90625 0.56875 0.909375 0.56875 0.910937 0.570312 0.9125 0.570312 0.914062 0.571875 0.914062 0.576563 0.929688 0.576563 0.929688 0.571875 0.932813 0.56875 0.935938 0.56875 0.9375 0.567187 0.939062 0.567187 0.940625 0.565625 0.942187 0.565625 0.945312 0.5625 0.946875 0.5625 0.951563 0.557813 0.953125 0.557813 0.95625 0.554688 0.95625 0.553125 0.960938 0.548437 0.960938 0.546875 0.9625 0.545313 0.9625 0.54375 0.965625 0.540625 0.970312 0.540625 0.970312 0.50625 0.965625 0.50625 0.9625 0.503125 0.9625 0.501562 0.960938 0.5 0.960938 0.498437 0.957812 0.495313 0.957812 0.49375 0.946875 0.482812 0.946875 0.478125 0.903834
0 0.309375 0.228125 0.309375 0.270312 0.314063 0.270312 0.317187 0.273438 0.31875 0.273438 0.320312 0.275 0.323438 0.275 0.325 0.276563 0.334375 0.276563 0.335938 0.275 0.339063 0.275 0.35 0.264062 0.35 0.260938 0.353125 0.257812 0.357812 0.257812 0.357812 0.245312 0.353125 0.245312 0.35 0.242188 0.35 0.240625 0.346875 0.2375 0.346875 0.235938 0.34375 0.232812 0.34375 0.228125 0.887776
0 0.442187 0.309375 0.442187 0.314063 0.439063 0.317187 0.434375 0.317187 0.434375 0.35 0.440625 0.35 0.445312 0.354688 0.446875 0.354688 0.448438 0.35625 0.451562 0.35625 0.453125 0.357812 0.464063 0.357812 0.465625 0.35625 0.467187 0.35625 0.46875 0.354688 0.470313 0.354688 0.473437 0.351562 0.475 0.351562 0.476562 0.35 0.476562 0.348437 0.479688 0.345313 0.479688 0.34375 0.48125 0.342187 0.48125 0.340625 0.482812 0.339063 0.482812 0.328125 0.48125 0.326562 0.48125 0.325 0.479688 0.323438 0.479688 0.321875 0.476562 0.31875 0.476562 0.317187 0.473437 0.314063 0.473437 0.309375 0.887749
0 0.596875 0.615625 0.596875 0.653125 0.603125 0.653125 0.609375 0.659375 0.609375 0.664062 0.628125 0.664062 0.628125 0.659375 0.640625 0.646875 0.645312 0.646875 0.645312 0.629687 0.640625 0.629687 0.639063 0.628125 0.639063 0.626562 0.635938 0.623438 0.635938 0.621875 0.634375 0.620313 0.634375 0.615625 0.886185
0 0.746875 0.278125 0.746875 0.284375 0.745313 0.285937 0.740625 0.285937 0.740625 0.329688 0.746875 0.329688 0.751562 0.334375 0.751562 0.339063 0.776563 0.339063 0.776563 0.334375 0.78125 0.329688 0.782812 0.329688 0.790625 0.321875 0.795313 0.321875 0.795313 0.292188 0.789062 0.292188 0.7875 0.290625 0.7875 0.289062 0.782812 0.284375 0.782812 0.278125 0.883795
0 0.5375 0.596875 0.5375 0.601562 0.534375 0.604688 0.528125 0.604688 0.528125 0.640625 0.532812 0.640625 0.535937 0.64375 0.5375 0.64375 0.542188 0.648438 0.54375 0.648438 0.545313 0.65 0.546875 0.65 0.548437 0.651563 0.551562 0.651563 0.553125 0.653125 0.553125 0.657812 0.557813 0.657812 0.557813 0.653125 0.559375 0.651563 0.564062 0.651563 0.565625 0.65 0.567187 0.65 0.56875 0.648438 0.570312 0.648438 0.573438 0.645312 0.575 0.645312 0.58125 0.639063 0.58125 0.6375 0.582812 0.635938 0.582812 0.634375 0.584375 0.632812 0.589063 0.632812 0.589063 0.610937 0.584375 0.610937 0.576563 0.603125 0.576563 0.596875 0.871568
0 0.379687 0.234375 0.379687 0.240625 0.376563 0.24375 0.371875 0.24375 0.371875 0.275 0.376563 0.275 0.382812 0.28125 0.384375 0.28125 0.385938 0.282813 0.3875 0.282813 0.389062 0.284375 0.389062 0.289062 0.401563 0.289062 0.401563 0.284375 0.404687 0.28125 0.40625 0.28125 0.407813 0.279687 0.409375 0.279687 0.417188 0.271875 0.417188 0.270312 0.41875 0.26875 0.41875 0.267188 0.421875 0.264062 0.426562 0.264062 0.426562 0.251563 0.421875 0.251563 0.41875 0.248437 0.41875 0.246875 0.415625 0.24375 0.415625 0.242188 0.414062 0.240625 0.414062 0.234375 0.869866
0 0.28125 0.284375 0.28125 0.289062 0.276563 0.29375 0.271875 0.29375 0.271875 0.332812 0.278125 0.332812 0.282813 0.3375 0.284375 0.3375 0.2875 0.340625 0.2875 0.345313 0.310937 0.345313 0.310937 0.340625 0.314063 0.3375 0.315625 0.3375 0.320312 0.332812 0.320312 0.33125 0.325 0.326562 0.325 0.323438 0.326562 0.321875 0.326562 0.31875 0.328125 0.317187 0.332812 0.317187 0.332812 0.30625 0.328125 0.30625 0.326562 0.304688 0.326562 0.303125 0.325 0.301562 0.325 0.3 0.321875 0.296875 0.321875 0.295312 0.317187 0.290625 0.317187 0.284375 0.854002
0 0.167187 0.428125 0.167187 0.432813 0.164062 0.435937 0.159375 0.435937 0.159375 0.471875 0.164062 0.471875 0.16875 0.476562 0.170312 0.476562 0.175 0.48125 0.176563 0.48125 0.178125 0.482812 0.179688 0.482812 0.18125 0.484375 0.18125 0.489062 0.196875 0.489062 0.196875 0.484375 0.198437 0.482812 0.2 0.482812 0.201562 0.48125 0.203125 0.48125 0.207813 0.476562 0.209375 0.476562 0.2125 0.473437 0.2125 0.471875 0.217187 0.467187 0.217187 0.465625 0.21875 0.464063 0.21875 0.460938 0.220313 0.459375 0.220313 0.448438 0.21875 0.446875 0.21875 0.44375 0.217187 0.442187 0.217187 0.440625 0.210938 0.434375 0.210938 0.428125 0.849107
0 0.254687 0.396875 0.254687 0.401563 0.253125 0.403125 0.246875 0.403125 0.246875 0.439063 0.251563 0.439063 0.253125 0.440625 0.254687 0.440625 0.259375 0.445312 0.260938 0.445312 0.2625 0.446875 0.2625 0.451562 0.273438 0.451562 0.273438 0.446875 0.276563 0.44375 0.278125 0.44375 0.279687 0.442187 0.28125 0.442187 0.285937 0.4375 0.2875 0.4375 0.290625 0.434375 0.290625 0.432813 0.29375 0.429688 0.29375 0.428125 0.296875 0.425 0.301562 0.425 0.301562 0.410937 0.296875 0.410937 0.29375 0.407813 0.29375 0.40625 0.290625 0.403125 0.290625 0.396875 0.832414
0 0.670313 0.621875 0.670313 0.626562 0.664062 0.632812 0.659375 0.632812 0.659375 0.671875 0.665625 0.671875 0.671875 0.678125 0.671875 0.682813 0.70625 0.682813 0.70625 0.678125 0.709375 0.675 0.709375 0.673437 0.715625 0.667188 0.720312 0.667188 0.720312 0.639063 0.715625 0.639063 0.710938 0.634375 0.710938 0.632812 0.70625 0.628125 0.70625 0.621875 0.803868
0 0.559375 0.946875 0.559375 0.951563 0.55625 0.954687 0.554688 0.954687 0.553125 0.95625 0.546875 0.95625 0.546875 0.992188 0.554688 0.992188 0.55625 0.99375 0.559375 0.99375 0.5625 0.996875 0.5625 0.998438 0.585938 0.998438 0.585938 0.996875 0.589063 0.99375 0.590625 0.99375 0.595312 0.989062 0.595312 0.9875 0.598437 0.984375 0.598437 0.982813 0.6 0.98125 0.6 0.978125 0.601562 0.976562 0.601562 0.967188 0.6 0.965625 0.6 0.964063 0.598437 0.9625 0.598437 0.960938 0.595312 0.957812 0.595312 0.95625 0.592188 0.953125 0.592188 0.946875 0.787175
0 0.398438 0.428125 0.398438 0.432813 0.396875 0.434375 0.390625 0.434375 0.390625 0.46875 0.395312 0.46875 0.398438 0.471875 0.4 0.471875 0.404687 0.476562 0.40625 0.476562 0.407813 0.478125 0.407813 0.482812 0.428125 0.482812 0.428125 0.478125 0.43125 0.475 0.432813 0.475 0.439063 0.46875 0.439063 0.467187 0.44375 0.4625 0.44375 0.459375 0.445312 0.457812 0.445312 0.45625 0.446875 0.454688 0.451562 0.454688 0.451562 0.445312 0.446875 0.445312 0.445312 0.44375 0.445312 0.442187 0.44375 0.440625 0.44375 0.439063 0.440625 0.435937 0.440625 0.434375 0.439063 0.432813 0.439063 0.428125 0.767053
0 0.003125 0.878125 0.003125 0.920313 0.0234375 0.920313 0.0234375 0.914062 0.025 0.9125 0.0265625 0.9125 0.0296875 0.909375 0.0296875 0.907812 0.03125 0.90625 0.03125 0.904688 0.034375 0.901563 0.0390625 0.901563 0.0390625 0.8875 0.034375 0.8875 0.03125 0.884375 0.03125 0.878125 0.319523
