0 0.829687 0.065625 0.829687 0.0703125 0.828125 0.071875 0.828125 0.0734375 0.823438 0.078125 0.821875 0.078125 0.820312 0.0796875 0.815625 0.0796875 0.815625 0.114063 0.820312 0.114063 0.823438 0.117188 0.825 0.117188 0.83125 0.123438 0.832812 0.123438 0.834375 0.125 0.8375 0.125 0.839063 0.126563 0.851562 0.126563 0.853125 0.125 0.85625 0.125 0.859375 0.121875 0.860937 0.121875 0.864062 0.11875 0.865625 0.11875 0.870313 0.114063 0.870313 0.1125 0.875 0.107813 0.875 0.104687 0.876562 0.103125 0.876562 0.0984375 0.878125 0.096875 0.882812 0.096875 0.882812 0.0953125 0.878125 0.0953125 0.876562 0.09375 0.876562 0.090625 0.875 0.0890625 0.875 0.0859375 0.871875 0.0828125 0.871875 0.08125 0.86875 0.078125 0.86875 0.0765625 0.864062 0.071875 0.864062 0.065625 0.902061
0 0.176563 0.803125 0.176563 0.807813 0.170312 0.814062 0.165625 0.814062 0.165625 0.851562 0.171875 0.851562 0.179688 0.859375 0.18125 0.859375 0.184375 0.8625 0.1875 0.8625 0.189063 0.864062 0.195312 0.864062 0.196875 0.865625 0.196875 0.870313 0.196875 0.865625 0.198437 0.864062 0.204688 0.864062 0.20625 0.8625 0.209375 0.8625 0.2125 0.859375 0.214062 0.859375 0.225 0.848437 0.225 0.846875 0.226562 0.845312 0.226562 0.84375 0.228125 0.842188 0.232812 0.842188 0.232812 0.823438 0.228125 0.823438 0.225 0.820312 0.225 0.81875 0.221875 0.815625 0.221875 0.814062 0.217187 0.809375 0.217187 0.803125 0.882235
0 0.426562 0.853125 0.426562 0.857813 0.420312 0.864062 0.415625 0.864062 0.415625 0.90625 0.421875 0.90625 0.43125 0.915625 0.43125 0.920313 0.4625 0.920313 0.4625 0.915625 0.475 0.903125 0.475 0.901563 0.478125 0.898438 0.482812 0.898438 0.482812 0.871875 0.478125 0.871875 0.475 0.86875 0.475 0.867188 0.473437 0.865625 0.473437 0.864062 0.46875 0.859375 0.46875 0.853125 0.87647
0 0.55625 0.934375 0.55625 0.939062 0.551562 0.94375 0.546875 0.94375 0.546875 0.973437 0.553125 0.973437 0.554688 0.975 0.55625 0.975 0.559375 0.978125 0.559375 0.982813 0.58125 0.982813 0.58125 0.978125 0.584375 0.975 0.585938 0.975 0.592188 0.96875 0.592188 0.967188 0.59375 0.965625 0.59375 0.9625 0.595312 0.960938 0.595312 0.954687 0.59375 0.953125 0.59375 0.95 0.592188 0.948438 0.592188 0.946875 0.589063 0.94375 0.589063 0.942187 0.5875 0.940625 0.5875 0.934375 0.836124
0 0.559375 0.009375 0.559375 0.0140625 0.557813 0.015625 0.553125 0.015625 0.553125 0.0453125 0.557813 0.0453125 0.5625 0.05 0.564062 0.05 0.567187 0.053125 0.567187 0.0578125 0.582812 0.0578125 0.582812 0.053125 0.585938 0.05 0.5875 0.05 0.596875 0.040625 0.601562 0.040625 0.601562 0.021875 0.596875 0.021875 0.59375 0.01875 0.59375 0.0171875 0.590625 0.0140625 0.590625 0.009375 0.833515
0 0.140625 0.690625 0.140625 0.726562 0.146875 0.726562 0.151562 0.73125 0.15625 0.73125 0.157813 0.732813 0.159375 0.732813 0.160938 0.73125 0.165625 0.73125 0.167187 0.729688 0.16875 0.729688 0.178125 0.720312 0.182812 0.720312 0.182812 0.7 0.178125 0.7 0.175 0.696875 0.175 0.690625 0.820555
0 0.053125 0.134375 0.053125 0.140625 0.046875 0.146875 0.040625 0.146875 0.040625 0.189063 0.046875 0.189063 0.0484375 0.190625 0.0484375 0.192188 0.05 0.192188 0.0546875 0.196875 0.05625 0.196875 0.059375 0.2 0.0625 0.2 0.0640625 0.201562 0.0671875 0.201562 0.06875 0.203125 0.06875 0.207813 0.08125 0.207813 0.08125 0.203125 0.0828125 0.201562 0.084375 0.201562 0.0859375 0.2 0.0890625 0.2 0.0921875 0.196875 0.09375 0.196875 0.104687 0.185937 0.104687 0.184375 0.10625 0.182812 0.10625 0.18125 0.109375 0.178125 0.114063 0.178125 0.114063 0.159375 0.109375 0.159375 0.107813 0.157813 0.107813 0.15625 0.10625 0.154687 0.10625 0.151562 0.104687 0.15 0.104687 0.148438 0.0953125 0.139062 0.0953125 0.134375 0.814267
0 0.596875 0.196875 0.596875 0.240625 0.603125 0.240625 0.60625 0.24375 0.609375 0.24375 0.610937 0.245312 0.614062 0.245312 0.615625 0.246875 0.615625 0.251563 0.615625 0.246875 0.617188 0.245312 0.621875 0.245312 0.623438 0.24375 0.625 0.24375 0.628125 0.240625 0.629687 0.240625 0.635938 0.234375 0.635938 0.232812 0.6375 0.23125 0.6375 0.229687 0.640625 0.226562 0.645312 0.226562 0.645312 0.214062 0.640625 0.214062 0.639063 0.2125 0.639063 0.210938 0.6375 0.209375 0.6375 0.207813 0.634375 0.204688 0.634375 0.203125 0.632812 0.201562 0.632812 0.196875 0.790032
0 0.117188 0.128125 0.117188 0.134375 0.115625 0.135937 0.109375 0.135937 0.109375 0.176563 0.115625 0.176563 0.120312 0.18125 0.121875 0.18125 0.125 0.184375 0.125 0.189063 0.15 0.189063 0.15 0.184375 0.15625 0.178125 0.157813 0.178125 0.159375 0.176563 0.159375 0.175 0.1625 0.171875 0.1625 0.170312 0.164062 0.16875 0.164062 0.167187 0.165625 0.165625 0.170312 0.165625 0.170312 0.145313 0.165625 0.145313 0.1625 0.142188 0.1625 0.140625 0.159375 0.1375 0.159375 0.135937 0.15625 0.132812 0.15625 0.128125 0.733913
0 0.784375 0.109375 0.784375 0.145313 0.789062 0.145313 0.790625 0.146875 0.790625 0.151562 0.809375 0.151562 0.809375 0.146875 0.8125 0.14375 0.814062 0.14375 0.821875 0.135937 0.826563 0.135937 0.826563 0.115625 0.821875 0.115625 0.820312 0.114063 0.820312 0.109375 0.307402
0 0.66875 0.040625 0.66875 0.0453125 0.657812 0.05625 0.653125 0.05625 0.653125 0.0953125 0.657812 0.0953125 0.660937 0.0984375 0.6625 0.0984375 0.667188 0.103125 0.66875 0.103125 0.671875 0.10625 0.673437 0.10625 0.676562 0.109375 0.676562 0.114063 0.707812 0.114063 0.707812 0.107813 0.715625 0.1 0.715625 0.0984375 0.717188 0.096875 0.717188 0.0953125 0.71875 0.09375 0.71875 0.0921875 0.721875 0.0890625 0.726562 0.0890625 0.726562 0.0609375 0.721875 0.0609375 0.71875 0.0578125 0.71875 0.05625 0.7125 0.05 0.7125 0.0484375 0.710938 0.046875 0.710938 0.040625 0.281332
