0 0.960938 0.728125 0.960938 0.732813 0.953125 0.740625 0.946875 0.740625 0.946875 0.784375 0.951563 0.784375 0.95625 0.789062 0.957812 0.789062 0.9625 0.79375 0.964063 0.79375 0.967188 0.796875 0.967188 0.801562 0.998438 0.801562 0.998438 0.728125 0.878743
0 0.848437 0.034375 0.848437 0.040625 0.845312 0.04375 0.840625 0.04375 0.840625 0.08125 0.846875 0.08125 0.853125 0.0875 0.854688 0.0875 0.857813 0.090625 0.857813 0.0953125 0.879687 0.0953125 0.879687 0.090625 0.882812 0.0875 0.884375 0.0875 0.89375 0.078125 0.89375 0.075 0.896875 0.071875 0.901563 0.071875 0.901563 0.05625 0.896875 0.05625 0.895312 0.0546875 0.895312 0.053125 0.89375 0.0515625 0.89375 0.05 0.889063 0.0453125 0.889063 0.04375 0.884375 0.0390625 0.884375 0.034375 0.851113
0 0.915625 0.690625 0.915625 0.734375 0.921875 0.734375 0.925 0.7375 0.926562 0.7375 0.928125 0.739062 0.929688 0.739062 0.93125 0.740625 0.93125 0.745313 0.946875 0.745313 0.946875 0.740625 0.95 0.7375 0.951563 0.7375 0.954687 0.734375 0.95625 0.734375 0.959375 0.73125 0.959375 0.729688 0.9625 0.726562 0.9625 0.725 0.965625 0.721875 0.970312 0.721875 0.970312 0.710938 0.965625 0.710938 0.964063 0.709375 0.964063 0.707812 0.9625 0.70625 0.9625 0.704687 0.959375 0.701563 0.959375 0.7 0.954687 0.695312 0.954687 0.690625 0.84252
0 0.796875 0.278125 0.796875 0.284375 0.795313 0.285937 0.795313 0.2875 0.789062 0.29375 0.784375 0.29375 0.784375 0.323438 0.790625 0.323438 0.79375 0.326562 0.795313 0.326562 0.8 0.33125 0.801562 0.33125 0.803125 0.332812 0.804688 0.332812 0.80625 0.334375 0.80625 0.339063 0.81875 0.339063 0.81875 0.334375 0.821875 0.33125 0.825 0.33125 0.829687 0.326562 0.83125 0.326562 0.832812 0.325 0.832812 0.323438 0.8375 0.31875 0.8375 0.317187 0.840625 0.314063 0.845312 0.314063 0.845312 0.295312 0.840625 0.295312 0.83125 0.285937 0.83125 0.284375 0.829687 0.282813 0.829687 0.278125 0.809339
0 0.734375 0.246875 0.734375 0.298438 0.739062 0.298438 0.740625 0.3 0.742188 0.3 0.748438 0.30625 0.75 0.30625 0.751562 0.307813 0.753125 0.307813 0.754687 0.309375 0.754687 0.314063 0.773438 0.314063 0.773438 0.309375 0.775 0.307813 0.776563 0.307813 0.7875 0.296875 0.7875 0.295312 0.790625 0.292188 0.790625 0.290625 0.792188 0.289062 0.792188 0.2875 0.79375 0.285937 0.79375 0.284375 0.795313 0.282813 0.795313 0.275 0.79375 0.273438 0.79375 0.26875 0.792188 0.267188 0.792188 0.265625 0.790625 0.264062 0.790625 0.2625 0.789062 0.260938 0.789062 0.259375 0.7875 0.257812 0.7875 0.25625 0.784375 0.253125 0.784375 0.246875 0.80922
0 0.370313 0.159375 0.370313 0.164062 0.364062 0.170312 0.359375 0.170312 0.359375 0.20625 0.364062 0.20625 0.365625 0.207813 0.367188 0.207813 0.370313 0.210938 0.371875 0.210938 0.376563 0.215625 0.376563 0.220313 0.398438 0.220313 0.398438 0.215625 0.401563 0.2125 0.403125 0.2125 0.4125 0.203125 0.4125 0.201562 0.415625 0.198437 0.420312 0.198437 0.420312 0.178125 0.415625 0.178125 0.4125 0.175 0.4125 0.173438 0.409375 0.170312 0.409375 0.16875 0.40625 0.165625 0.40625 0.159375 0.699305
0 0.0671875 0.896875 0.0671875 0.901563 0.0640625 0.904688 0.0609375 0.904688 0.059375 0.90625 0.053125 0.90625 0.053125 0.945312 0.0578125 0.945312 0.071875 0.959375 0.071875 0.964063 0.096875 0.964063 0.096875 0.959375 0.1 0.95625 0.101562 0.95625 0.10625 0.951563 0.10625 0.95 0.110937 0.945312 0.110937 0.94375 0.1125 0.942187 0.1125 0.940625 0.114063 0.939062 0.114063 0.9375 0.115625 0.935938 0.120312 0.935938 0.120312 0.920313 0.115625 0.920313 0.1125 0.917188 0.1125 0.915625 0.110937 0.914062 0.110937 0.9125 0.107813 0.909375 0.107813 0.907812 0.10625 0.90625 0.10625 0.904688 0.104687 0.903125 0.104687 0.896875 0.691423
0 0.728125 0.234375 0.728125 0.253125 0.734375 0.253125 0.735937 0.254687 0.735937 0.2625 0.732813 0.265625 0.728125 0.265625 0.728125 0.295312 0.734375 0.295312 0.735937 0.296875 0.7375 0.296875 0.739062 0.298438 0.740625 0.298438 0.748438 0.30625 0.75 0.30625 0.751562 0.307813 0.753125 0.307813 0.754687 0.309375 0.754687 0.314063 0.773438 0.314063 0.773438 0.309375 0.775 0.307813 0.776563 0.307813 0.784375 0.3 0.784375 0.298438 0.789062 0.29375 0.795313 0.29375 0.795313 0.260938 0.790625 0.260938 0.7875 0.257812 0.7875 0.25625 0.784375 0.253125 0.784375 0.251563 0.78125 0.248437 0.78125 0.246875 0.779688 0.245312 0.778125 0.245312 0.773438 0.240625 0.773438 0.234375 0.598366
0 0.635938 0.346875 0.635938 0.351562 0.632812 0.354688 0.628125 0.354688 0.628125 0.384375 0.632812 0.384375 0.635938 0.3875 0.6375 0.3875 0.642187 0.392188 0.64375 0.392188 0.645312 0.39375 0.648438 0.39375 0.65 0.395312 0.65625 0.395312 0.657812 0.39375 0.660937 0.39375 0.670313 0.384375 0.670313 0.382812 0.675 0.378125 0.675 0.375 0.676562 0.373437 0.676562 0.365625 0.675 0.364062 0.675 0.3625 0.671875 0.359375 0.671875 0.357812 0.66875 0.354688 0.66875 0.353125 0.667188 0.351562 0.667188 0.346875 0.581251
0 0.692187 0.209375 0.692187 0.214062 0.689062 0.217187 0.684375 0.217187 0.684375 0.251563 0.690625 0.251563 0.692187 0.253125 0.69375 0.253125 0.696875 0.25625 0.698438 0.25625 0.701563 0.259375 0.701563 0.264062 0.720312 0.264062 0.720312 0.259375 0.723437 0.25625 0.725 0.25625 0.7375 0.24375 0.7375 0.242188 0.739062 0.240625 0.745313 0.240625 0.745313 0.235938 0.740625 0.235938 0.739062 0.234375 0.739062 0.232812 0.7375 0.23125 0.7375 0.226562 0.735937 0.225 0.735937 0.223438 0.732813 0.220313 0.732813 0.21875 0.729688 0.215625 0.729688 0.209375 0.435908
