0 0.435937 0.353125 0.435937 0.357812 0.434375 0.359375 0.434375 0.360938 0.428125 0.367188 0.421875 0.367188 0.421875 0.4125 0.426562 0.4125 0.428125 0.414062 0.429688 0.414062 0.434375 0.41875 0.435937 0.41875 0.439063 0.421875 0.439063 0.426562 0.470313 0.426562 0.470313 0.421875 0.473437 0.41875 0.475 0.41875 0.479688 0.414062 0.48125 0.414062 0.48125 0.4125 0.4875 0.40625 0.4875 0.404687 0.489062 0.403125 0.489062 0.401563 0.490625 0.4 0.495313 0.4 0.495313 0.378125 0.490625 0.378125 0.489062 0.376563 0.489062 0.375 0.4875 0.373437 0.4875 0.371875 0.482812 0.367188 0.482812 0.365625 0.476562 0.359375 0.476562 0.353125 0.892966
0 0.603125 0.790625 0.603125 0.829687 0.607813 0.829687 0.609375 0.83125 0.610937 0.83125 0.615625 0.835938 0.617188 0.835938 0.61875 0.8375 0.620313 0.8375 0.621875 0.839063 0.632812 0.839063 0.634375 0.8375 0.6375 0.8375 0.642187 0.832812 0.64375 0.832812 0.65 0.826563 0.65 0.825 0.653125 0.821875 0.657812 0.821875 0.657812 0.803125 0.653125 0.803125 0.65 0.8 0.65 0.798437 0.646875 0.795313 0.646875 0.790625 0.892659
0 0.721875 0.740625 0.721875 0.746875 0.720312 0.748438 0.715625 0.748438 0.715625 0.778125 0.720312 0.778125 0.723437 0.78125 0.725 0.78125 0.729688 0.785937 0.73125 0.785937 0.732813 0.7875 0.734375 0.7875 0.735937 0.789062 0.746875 0.789062 0.748438 0.7875 0.751562 0.7875 0.753125 0.785937 0.754687 0.785937 0.757812 0.782812 0.759375 0.782812 0.764063 0.778125 0.764063 0.776563 0.767187 0.773438 0.767187 0.771875 0.76875 0.770312 0.76875 0.765625 0.770312 0.764063 0.770312 0.759375 0.76875 0.757812 0.76875 0.754687 0.767187 0.753125 0.767187 0.751562 0.7625 0.746875 0.7625 0.740625 0.88864
0 0.846875 0.728125 0.846875 0.732813 0.845312 0.734375 0.84375 0.734375 0.840625 0.7375 0.834375 0.7375 0.834375 0.779688 0.840625 0.779688 0.845312 0.784375 0.845312 0.789062 0.86875 0.789062 0.86875 0.784375 0.871875 0.78125 0.873438 0.78125 0.882812 0.771875 0.882812 0.770312 0.884375 0.76875 0.889063 0.76875 0.889063 0.745313 0.884375 0.745313 0.879687 0.740625 0.879687 0.739062 0.876562 0.735937 0.876562 0.734375 0.875 0.732813 0.875 0.728125 0.881256
0 0.692187 0.784375 0.692187 0.790625 0.685938 0.796875 0.684375 0.796875 0.682813 0.798437 0.678125 0.798437 0.678125 0.845312 0.684375 0.845312 0.689062 0.85 0.690625 0.85 0.696875 0.85625 0.698438 0.85625 0.701563 0.859375 0.701563 0.864062 0.729688 0.864062 0.729688 0.859375 0.732813 0.85625 0.734375 0.85625 0.7375 0.853125 0.739062 0.853125 0.74375 0.848437 0.74375 0.846875 0.746875 0.84375 0.746875 0.842188 0.75 0.839063 0.75 0.835938 0.751562 0.834375 0.751562 0.832812 0.753125 0.83125 0.757812 0.83125 0.757812 0.814062 0.753125 0.814062 0.751562 0.8125 0.751562 0.810938 0.75 0.809375 0.75 0.807813 0.748438 0.80625 0.748438 0.804688 0.745313 0.801562 0.745313 0.8 0.742188 0.796875 0.742188 0.795313 0.739062 0.792188 0.7375 0.792188 0.734375 0.789062 0.734375 0.784375 0.878776
0 0.103125 0.859375 0.103125 0.865625 0.0984375 0.870313 0.0984375 0.871875 0.096875 0.873438 0.090625 0.873438 0.090625 0.914062 0.0953125 0.914062 0.101562 0.920313 0.103125 0.920313 0.107813 0.925 0.110937 0.925 0.1125 0.926562 0.115625 0.926562 0.117188 0.928125 0.117188 0.932813 0.123438 0.932813 0.123438 0.928125 0.125 0.926562 0.128125 0.926562 0.129688 0.925 0.132812 0.925 0.135937 0.921875 0.1375 0.921875 0.140625 0.91875 0.142188 0.91875 0.146875 0.914062 0.146875 0.9125 0.15 0.909375 0.15 0.907812 0.153125 0.904688 0.157813 0.904688 0.157813 0.882812 0.153125 0.882812 0.151562 0.88125 0.151562 0.879687 0.146875 0.875 0.146875 0.873438 0.139062 0.865625 0.139062 0.859375 0.876676
0 0.0765625 0.678125 0.0765625 0.682813 0.0734375 0.685938 0.0734375 0.6875 0.071875 0.689062 0.065625 0.689062 0.065625 0.726562 0.0703125 0.726562 0.075 0.73125 0.0765625 0.73125 0.0796875 0.734375 0.0796875 0.739062 0.107813 0.739062 0.107813 0.734375 0.1125 0.729688 0.114063 0.729688 0.11875 0.725 0.11875 0.723437 0.121875 0.720312 0.126563 0.720312 0.126563 0.696875 0.121875 0.696875 0.11875 0.69375 0.11875 0.692187 0.115625 0.689062 0.115625 0.6875 0.1125 0.684375 0.1125 0.678125 0.873864
0 0.817187 0.690625 0.817187 0.695312 0.815625 0.696875 0.809375 0.696875 0.809375 0.728125 0.814062 0.728125 0.817187 0.73125 0.81875 0.73125 0.820312 0.732813 0.821875 0.732813 0.825 0.735937 0.826563 0.735937 0.828125 0.7375 0.8375 0.7375 0.839063 0.735937 0.840625 0.735937 0.842188 0.734375 0.84375 0.734375 0.845312 0.732813 0.846875 0.732813 0.85 0.729688 0.851562 0.729688 0.853125 0.728125 0.854688 0.728125 0.860937 0.721875 0.860937 0.720312 0.8625 0.71875 0.8625 0.717188 0.864062 0.715625 0.864062 0.707812 0.8625 0.70625 0.8625 0.703125 0.857813 0.698438 0.857813 0.696875 0.85625 0.695312 0.85625 0.690625 0.857455
0 0.690625 0.746875 0.690625 0.778125 0.695312 0.778125 0.696875 0.779688 0.698438 0.779688 0.7 0.78125 0.710938 0.78125 0.7125 0.779688 0.714063 0.779688 0.71875 0.775 0.71875 0.773438 0.720312 0.771875 0.720312 0.770312 0.721875 0.76875 0.726562 0.76875 0.726562 0.75625 0.721875 0.75625 0.71875 0.753125 0.71875 0.746875 0.802948
0 0.671875 0.671875 0.671875 0.676562 0.670313 0.678125 0.665625 0.678125 0.665625 0.710938 0.671875 0.710938 0.673437 0.7125 0.675 0.7125 0.676562 0.714063 0.678125 0.714063 0.679688 0.715625 0.679688 0.720312 0.695312 0.720312 0.695312 0.715625 0.698438 0.7125 0.7 0.7125 0.709375 0.703125 0.714063 0.703125 0.714063 0.685938 0.709375 0.685938 0.70625 0.682813 0.70625 0.68125 0.703125 0.678125 0.703125 0.671875 0.799385
0 0.334375 0.521875 0.334375 0.528125 0.328125 0.534375 0.321875 0.534375 0.321875 0.570312 0.326562 0.570312 0.329688 0.573438 0.33125 0.573438 0.332812 0.575 0.334375 0.575 0.3375 0.578125 0.3375 0.582812 0.3625 0.582812 0.3625 0.578125 0.365625 0.575 0.367188 0.575 0.371875 0.570312 0.373437 0.570312 0.379687 0.564062 0.379687 0.5625 0.38125 0.560938 0.38125 0.559375 0.382812 0.557813 0.382812 0.55625 0.384375 0.554688 0.389062 0.554688 0.389062 0.545313 0.384375 0.545313 0.382812 0.54375 0.382812 0.542188 0.38125 0.540625 0.38125 0.539062 0.378125 0.535937 0.378125 0.534375 0.376563 0.532812 0.376563 0.53125 0.375 0.529688 0.375 0.521875 0.728346
0 0.676562 0.471875 0.676562 0.476562 0.671875 0.48125 0.665625 0.48125 0.665625 0.515625 0.670313 0.515625 0.685938 0.53125 0.6875 0.53125 0.690625 0.534375 0.690625 0.539062 0.710938 0.539062 0.710938 0.534375 0.7125 0.532812 0.714063 0.532812 0.717188 0.529688 0.71875 0.529688 0.728125 0.520312 0.728125 0.51875 0.73125 0.515625 0.73125 0.514063 0.734375 0.510938 0.739062 0.510938 0.739062 0.49375 0.734375 0.49375 0.73125 0.490625 0.73125 0.489062 0.728125 0.485938 0.728125 0.484375 0.723437 0.479688 0.721875 0.479688 0.720312 0.478125 0.720312 0.471875 0.681881
0 0.003125 0.453125 0.003125 0.489062 0.0078125 0.489062 0.009375 0.490625 0.009375 0.495313 0.03125 0.495313 0.03125 0.490625 0.0375 0.484375 0.0375 0.482812 0.040625 0.479688 0.0453125 0.479688 0.0453125 0.464063 0.040625 0.464063 0.0359375 0.459375 0.0359375 0.453125 0.617388
0 0.678125 0.621875 0.678125 0.65 0.684375 0.65 0.685938 0.651563 0.6875 0.651563 0.689062 0.653125 0.689062 0.657812 0.696875 0.657812 0.696875 0.653125 0.698438 0.651563 0.7 0.651563 0.701563 0.65 0.703125 0.65 0.70625 0.646875 0.70625 0.645312 0.709375 0.642187 0.714063 0.642187 0.714063 0.63125 0.709375 0.63125 0.70625 0.628125 0.70625 0.621875 0.612733
0 0.178125 0.440625 0.178125 0.485938 0.184375 0.485938 0.1875 0.489062 0.189063 0.489062 0.192188 0.492188 0.19375 0.492188 0.195312 0.49375 0.196875 0.49375 0.198437 0.495313 0.201562 0.495313 0.203125 0.496875 0.203125 0.501562 0.203125 0.496875 0.204688 0.495313 0.209375 0.495313 0.210938 0.49375 0.214062 0.49375 0.217187 0.490625 0.21875 0.490625 0.228125 0.48125 0.228125 0.479688 0.229687 0.478125 0.229687 0.476562 0.23125 0.475 0.23125 0.46875 0.232812 0.467187 0.232812 0.465625 0.23125 0.464063 0.23125 0.459375 0.229687 0.457812 0.229687 0.45625 0.226562 0.453125 0.226562 0.451562 0.225 0.45 0.225 0.448438 0.221875 0.445312 0.221875 0.440625 0.468381
