0 0.753125 0.446875 0.753125 0.482812 0.757812 0.482812 0.759375 0.484375 0.759375 0.489062 0.782812 0.489062 0.782812 0.482812 0.784375 0.48125 0.785937 0.48125 0.790625 0.476562 0.795313 0.476562 0.795313 0.454688 0.790625 0.454688 0.789062 0.453125 0.789062 0.446875 0.901053
0 0.0453125 0.184375 0.0453125 0.190625 0.0390625 0.196875 0.034375 0.196875 0.034375 0.2375 0.040625 0.2375 0.0453125 0.242188 0.046875 0.242188 0.05 0.245312 0.0515625 0.245312 0.05625 0.25 0.0578125 0.25 0.059375 0.251563 0.0625 0.251563 0.0640625 0.253125 0.0640625 0.257812 0.078125 0.257812 0.078125 0.253125 0.08125 0.25 0.084375 0.25 0.0859375 0.248437 0.0875 0.248437 0.0921875 0.24375 0.09375 0.24375 0.103125 0.234375 0.107813 0.234375 0.107813 0.2 0.103125 0.2 0.1 0.196875 0.1 0.195312 0.0953125 0.190625 0.0953125 0.184375 0.879985
0 0.246875 0.290625 0.246875 0.295312 0.245312 0.296875 0.240625 0.296875 0.240625 0.326562 0.246875 0.326562 0.25 0.329688 0.251563 0.329688 0.25625 0.334375 0.25625 0.339063 0.276563 0.339063 0.276563 0.334375 0.289062 0.321875 0.289062 0.320312 0.290625 0.31875 0.295312 0.31875 0.295312 0.303125 0.290625 0.303125 0.2875 0.3 0.2875 0.298438 0.284375 0.295312 0.284375 0.290625 0.861679
0 0.267188 0.071875 0.267188 0.078125 0.259375 0.0859375 0.253125 0.0859375 0.253125 0.126563 0.259375 0.126563 0.267188 0.134375 0.26875 0.134375 0.271875 0.1375 0.273438 0.1375 0.276563 0.140625 0.276563 0.145313 0.296875 0.145313 0.296875 0.140625 0.3 0.1375 0.301562 0.1375 0.3125 0.126563 0.3125 0.125 0.314063 0.123438 0.314063 0.121875 0.315625 0.120312 0.320312 0.120312 0.320312 0.09375 0.315625 0.09375 0.310937 0.0890625 0.310937 0.0875 0.301562 0.078125 0.301562 0.071875 0.856193
0 0.890625 0.528125 0.890625 0.567187 0.896875 0.567187 0.9 0.570312 0.901563 0.570312 0.903125 0.571875 0.903125 0.576563 0.915625 0.576563 0.915625 0.571875 0.91875 0.56875 0.920313 0.56875 0.928125 0.560938 0.928125 0.559375 0.929688 0.557813 0.929688 0.55625 0.93125 0.554688 0.93125 0.542188 0.929688 0.540625 0.929688 0.539062 0.928125 0.5375 0.928125 0.535937 0.926562 0.534375 0.926562 0.528125 0.851753
0 0.821875 0.559375 0.821875 0.590625 0.826563 0.590625 0.829687 0.59375 0.83125 0.59375 0.834375 0.596875 0.834375 0.601562 0.854688 0.601562 0.854688 0.596875 0.857813 0.59375 0.859375 0.59375 0.8625 0.590625 0.8625 0.589063 0.865625 0.585938 0.870313 0.585938 0.870313 0.567187 0.865625 0.567187 0.864062 0.565625 0.864062 0.559375 0.844255
0 0.517187 0.934375 0.517187 0.939062 0.514063 0.942187 0.509375 0.942187 0.509375 0.976562 0.514063 0.976562 0.51875 0.98125 0.520312 0.98125 0.523438 0.984375 0.523438 0.989062 0.54375 0.989062 0.54375 0.984375 0.554688 0.973437 0.554688 0.971875 0.55625 0.970312 0.55625 0.967188 0.557813 0.965625 0.557813 0.954687 0.55625 0.953125 0.55625 0.951563 0.554688 0.95 0.554688 0.948438 0.55 0.94375 0.55 0.942187 0.546875 0.939062 0.546875 0.934375 0.815882
0 0.89375 0.965625 0.89375 0.970312 0.882812 0.98125 0.878125 0.98125 0.878125 0.998438 0.957812 0.998438 0.957812 0.989062 0.953125 0.989062 0.951563 0.9875 0.951563 0.985937 0.95 0.984375 0.95 0.98125 0.945312 0.976562 0.945312 0.975 0.942187 0.971875 0.942187 0.965625 0.652914
0 0.215625 0.253125 0.215625 0.289062 0.221875 0.289062 0.223438 0.290625 0.223438 0.295312 0.251563 0.295312 0.251563 0.289062 0.253125 0.2875 0.253125 0.285937 0.25625 0.282813 0.25625 0.28125 0.257812 0.279687 0.257812 0.278125 0.259375 0.276563 0.264062 0.276563 0.264062 0.270312 0.259375 0.270312 0.257812 0.26875 0.257812 0.267188 0.25625 0.265625 0.25625 0.264062 0.251563 0.259375 0.251563 0.253125 0.480052
0 0.821875 0.890625 0.821875 0.934375 0.828125 0.934375 0.83125 0.9375 0.832812 0.9375 0.835938 0.940625 0.835938 0.945312 0.864062 0.945312 0.864062 0.940625 0.873438 0.93125 0.873438 0.929688 0.875 0.928125 0.875 0.926562 0.878125 0.923437 0.882812 0.923437 0.882812 0.90625 0.878125 0.90625 0.875 0.903125 0.875 0.901563 0.86875 0.895312 0.86875 0.890625 0.251235
