0 0.904688 0.034375 0.904688 0.0390625 0.901563 0.0421875 0.896875 0.0421875 0.896875 0.0828125 0.901563 0.0828125 0.907812 0.0890625 0.909375 0.0890625 0.9125 0.0921875 0.914062 0.0921875 0.915625 0.09375 0.91875 0.09375 0.920313 0.0953125 0.93125 0.0953125 0.932813 0.09375 0.935938 0.09375 0.9375 0.0921875 0.939062 0.0921875 0.942187 0.0890625 0.94375 0.0890625 0.953125 0.0796875 0.953125 0.078125 0.954687 0.0765625 0.954687 0.075 0.95625 0.0734375 0.95625 0.071875 0.957812 0.0703125 0.957812 0.0578125 0.95625 0.05625 0.95625 0.053125 0.953125 0.05 0.953125 0.0484375 0.951563 0.046875 0.951563 0.0453125 0.946875 0.040625 0.946875 0.034375 0.902447
0 0.135937 0.284375 0.135937 0.290625 0.132812 0.29375 0.128125 0.29375 0.128125 0.332812 0.134375 0.332812 0.1375 0.335938 0.139062 0.335938 0.140625 0.3375 0.142188 0.3375 0.145313 0.340625 0.145313 0.345313 0.1625 0.345313 0.1625 0.340625 0.165625 0.3375 0.167187 0.3375 0.176563 0.328125 0.176563 0.326562 0.179688 0.323438 0.179688 0.321875 0.18125 0.320312 0.18125 0.317187 0.182812 0.315625 0.182812 0.309375 0.18125 0.307813 0.18125 0.303125 0.178125 0.3 0.178125 0.298438 0.173438 0.29375 0.173438 0.292188 0.170312 0.289062 0.170312 0.284375 0.88352
0 0.928125 0.340625 0.928125 0.346875 0.925 0.35 0.925 0.351562 0.915625 0.360938 0.909375 0.360938 0.909375 0.40625 0.915625 0.40625 0.925 0.415625 0.926562 0.415625 0.93125 0.420312 0.932813 0.420312 0.934375 0.421875 0.935938 0.421875 0.939062 0.425 0.942187 0.425 0.94375 0.426562 0.945312 0.426562 0.946875 0.428125 0.946875 0.432813 0.9625 0.432813 0.9625 0.428125 0.964063 0.426562 0.965625 0.426562 0.967188 0.425 0.96875 0.425 0.970312 0.423438 0.971875 0.423438 0.976562 0.41875 0.978125 0.41875 0.996875 0.4 0.998438 0.4 0.998438 0.370313 0.995313 0.370313 0.976562 0.351562 0.976562 0.35 0.973437 0.346875 0.973437 0.340625 0.836698
0 0.840625 0.003125 0.840625 0.05625 0.846875 0.05625 0.853125 0.0625 0.854688 0.0625 0.857813 0.065625 0.857813 0.0703125 0.884375 0.0703125 0.884375 0.065625 0.8875 0.0625 0.889063 0.0625 0.890625 0.0609375 0.890625 0.059375 0.892187 0.0578125 0.892187 0.05625 0.895312 0.053125 0.895312 0.0515625 0.896875 0.05 0.896875 0.0484375 0.898438 0.046875 0.898438 0.0453125 0.903125 0.040625 0.907812 0.040625 0.907812 0.0171875 0.901563 0.0171875 0.9 0.015625 0.9 0.0140625 0.895312 0.009375 0.895312 0.003125 0.820537
0 0.817187 0.084375 0.817187 0.0890625 0.80625 0.1 0.804688 0.1 0.803125 0.101562 0.796875 0.101562 0.796875 0.148438 0.801562 0.148438 0.803125 0.15 0.804688 0.15 0.80625 0.151562 0.809375 0.151562 0.814062 0.15625 0.815625 0.15625 0.817187 0.157813 0.81875 0.157813 0.823438 0.1625 0.825 0.1625 0.828125 0.165625 0.828125 0.170312 0.854688 0.170312 0.854688 0.165625 0.857813 0.1625 0.859375 0.1625 0.8625 0.159375 0.864062 0.159375 0.86875 0.154687 0.86875 0.153125 0.871875 0.15 0.871875 0.148438 0.873438 0.146875 0.873438 0.145313 0.878125 0.140625 0.882812 0.140625 0.882812 0.10625 0.878125 0.10625 0.875 0.103125 0.875 0.101562 0.864062 0.090625 0.864062 0.084375 0.8045
0 0.0390625 0.534375 0.0390625 0.539062 0.034375 0.54375 0.028125 0.54375 0.028125 0.58125 0.034375 0.58125 0.040625 0.5875 0.0421875 0.5875 0.0453125 0.590625 0.0453125 0.595312 0.071875 0.595312 0.071875 0.590625 0.075 0.5875 0.0765625 0.5875 0.084375 0.579687 0.084375 0.578125 0.0859375 0.576563 0.0859375 0.575 0.0875 0.573438 0.0875 0.570312 0.0890625 0.56875 0.0890625 0.564062 0.090625 0.5625 0.0953125 0.5625 0.0953125 0.553125 0.090625 0.553125 0.0890625 0.551562 0.0890625 0.55 0.0875 0.548437 0.0875 0.545313 0.0828125 0.540625 0.0828125 0.534375 0.775625
0 0.115625 0.234375 0.115625 0.279687 0.121875 0.279687 0.126563 0.284375 0.126563 0.289062 0.140625 0.289062 0.140625 0.284375 0.145313 0.279687 0.146875 0.279687 0.15625 0.270312 0.15625 0.267188 0.157813 0.265625 0.157813 0.264062 0.159375 0.2625 0.164062 0.2625 0.164062 0.257812 0.159375 0.257812 0.157813 0.25625 0.157813 0.253125 0.15625 0.251563 0.15625 0.248437 0.154687 0.246875 0.154687 0.245312 0.151562 0.242188 0.151562 0.240625 0.15 0.239063 0.15 0.234375 0.681684
0 0.4375 0.234375 0.4375 0.240625 0.434375 0.24375 0.428125 0.24375 0.428125 0.276563 0.434375 0.276563 0.440625 0.282813 0.442187 0.282813 0.446875 0.2875 0.45 0.2875 0.451562 0.289062 0.454688 0.289062 0.45625 0.290625 0.45625 0.295312 0.459375 0.295312 0.459375 0.290625 0.460938 0.289062 0.4625 0.289062 0.464063 0.2875 0.465625 0.2875 0.467187 0.285937 0.467187 0.284375 0.46875 0.282813 0.470313 0.282813 0.479688 0.273438 0.479688 0.271875 0.484375 0.267188 0.489062 0.267188 0.489062 0.246875 0.484375 0.246875 0.479688 0.242188 0.479688 0.240625 0.478125 0.239063 0.478125 0.234375 0.680883
0 0.778125 0.159375 0.778125 0.209375 0.784375 0.209375 0.789062 0.214062 0.790625 0.214062 0.795313 0.21875 0.796875 0.21875 0.8 0.221875 0.8 0.226562 0.821875 0.226562 0.821875 0.21875 0.823438 0.217187 0.823438 0.215625 0.825 0.214062 0.825 0.2125 0.829687 0.207813 0.829687 0.20625 0.83125 0.204688 0.83125 0.203125 0.832812 0.201562 0.832812 0.2 0.834375 0.198437 0.839063 0.198437 0.839063 0.176563 0.834375 0.176563 0.83125 0.173438 0.83125 0.171875 0.828125 0.16875 0.828125 0.167187 0.825 0.164062 0.825 0.159375 0.59226
0 0.0875 0.396875 0.0875 0.403125 0.0828125 0.407813 0.078125 0.407813 0.078125 0.446875 0.0828125 0.446875 0.0875 0.451562 0.0890625 0.451562 0.09375 0.45625 0.09375 0.457812 0.0953125 0.459375 0.0953125 0.464063 0.1125 0.464063 0.1125 0.459375 0.115625 0.45625 0.115625 0.454688 0.126563 0.44375 0.126563 0.442187 0.129688 0.439063 0.129688 0.4375 0.13125 0.435937 0.13125 0.434375 0.132812 0.432813 0.132812 0.420312 0.13125 0.41875 0.13125 0.417188 0.129688 0.415625 0.129688 0.414062 0.123438 0.407813 0.123438 0.40625 0.11875 0.401563 0.11875 0.396875 0.481473
0 0.842188 0.165625 0.842188 0.171875 0.840625 0.173438 0.834375 0.173438 0.834375 0.21875 0.840625 0.21875 0.846875 0.225 0.848437 0.225 0.851562 0.228125 0.851562 0.232812 0.878125 0.232812 0.878125 0.226562 0.885938 0.21875 0.885938 0.217187 0.8875 0.215625 0.8875 0.214062 0.889063 0.2125 0.889063 0.210938 0.890625 0.209375 0.895312 0.209375 0.895312 0.203125 0.890625 0.203125 0.889063 0.201562 0.889063 0.2 0.8875 0.198437 0.8875 0.19375 0.885938 0.192188 0.885938 0.189063 0.884375 0.1875 0.884375 0.185937 0.882812 0.184375 0.882812 0.18125 0.88125 0.179688 0.88125 0.176563 0.879687 0.175 0.879687 0.173438 0.878125 0.171875 0.878125 0.165625 0.282612
